[Variables]
ercf_calib_0 = 1.0
ercf_calib_1 = 1.00491011644
ercf_calib_10 = 1.0
ercf_calib_11 = 1.0
ercf_calib_2 = 1.00404827243
ercf_calib_3 = 1.00147158739
ercf_calib_4 = 0.999761132072
ercf_calib_5 = 0.999761132072
ercf_calib_6 = 1.00232901169
ercf_calib_7 = 1.00147158739
ercf_calib_8 = 0.99635768992
ercf_calib_9 = 1.0
ercf_calib_ref = 948.47592

